Run semi-empirical minimization
 &qmmm
    qm_theory='AM1', grms_tol=0.0005,
 scfconv=1.d-10, ndiis_attempts=700,   qmcharge=0,
 /
   6   C01       24.5180       15.6410        5.3160 
   6   C02       23.3980       16.2980        6.1580 
   6   C03       23.5030       16.3390        7.4870 
   6   C04       22.5260       16.8960        8.2480 
   6   C05       22.7870       16.8640        9.7150 
   6   C06       21.3740       17.4700        7.6330 
   6   C07       20.2700       18.1290        8.2760 
   6   C08       20.1670       18.3750        9.7370 
   6   C13       19.2610       18.6150        7.4880 
   6   C14       19.2250       18.4330        6.1550 
   6   C17       21.2870       17.4160        6.2990 
   6   C18       22.3110       16.8280        5.5410 
   8   O10       19.1440       17.3890       11.8610 
   8   O11       19.5740       15.7320       10.3530 
   8   O12       17.6100       17.3670       10.1360 
   8   O15       18.3840       18.7070        5.4620 
   8   O16       20.2810       17.8870        5.5930 
  15   P09       19.0270       17.1640       10.6270 
   1   H03       24.3780       15.9230        7.9650 
   1  H082       21.1630       18.2930       10.1710 
   1  H083       19.7970       19.3880        9.8970 
   1   H13       18.4600       19.1680        7.9560 
   1   H18       22.2340       16.7970        4.4640 
   1  H011       24.2610       15.7010        4.2580 
   1  H012       24.6240       14.5950        5.6050 
   1  H013       25.4580       16.1640        5.4910 
   1  H051       23.6180       16.1890        9.9220 
   1  H052       21.8960       16.5130       10.2350 
   1  H053       23.0380       17.8670       10.0610 

