Run semi-empirical minimization
 &qmmm
    qm_theory='AM1', grms_tol=0.0005,
 scfconv=1.d-10, ndiis_attempts=700,   qmcharge=0,
 /
   6   C01       24.2890       15.4010        5.2230 
   6   C02       23.2000       16.1070        6.0240 
   6   C03       23.3320       16.1780        7.3790 
   6   C04       22.4020       16.7920        8.1620 
   6   C06       21.2620       17.3730        7.5640 
   6   C07       20.1950       18.0580        8.2460 
   6   C08       20.1520       18.2810        9.7090 
   6   C13       19.1750       18.5730        7.4580 
   6   C14       19.1870       18.3880        6.1270 
   6   C17       21.1410       17.2810        6.2210 
   6   C18       22.1090       16.6630        5.4250 
   8   O10       17.6540       17.4400       10.0630 
   8   O11       19.0460       17.3980       11.9120 
   8   O12       19.4780       15.7490       10.3340 
   8   O15       18.2030       18.8490        5.3210 
   8   O16       20.1350       17.7660        5.5740 
  15   P09       18.9740       17.1710       10.5740 
  35  Br05       22.8200       16.7040        9.9730 
   1   H03       24.1990       15.7340        7.8450 
   1  H082       21.1490       18.1120       10.1150 
   1  H083       19.8660       19.3150        9.8990 
   1   H13       18.3680       19.1250        7.9170 
   1   H18       21.9950       16.6260        4.3520 
   1  H011       24.0370       15.4300        4.1630 
   1  H012       25.2420       15.9050        5.3840 
   1  H013       24.3660       14.3640        5.5500 
   1   H15       18.1460       19.8040        5.4000 
   1   H12       18.7390       15.1370       10.3660 

